1 0.28457 0.77235 0.0842458 0.0973301
1 0.291548 0.554412 0.0550688 0.0620118
1 0.409363 0.872154 0.0856886 0.115293
1 0.618874 0.561543 0.0320122 0.0492716
1 0.572253 0.627694 0.0463268 0.0652808
1 0.541647 0.503528 0.0283573 0.038717
1 0.122037 0.570512 0.0658924 0.0725528
1 0.451281 0.482458 0.0338997 0.0428437
1 0.444375 0.563384 0.0402682 0.0524631
1 0.211607 0.745195 0.0871776 0.0993506
1 0.589181 0.543341 0.0347025 0.0483832
1 0.380944 0.511096 0.0430875 0.0612048
2 0.500992 0.568217 0.0491275 0.0678261
