1 0.291483 0.758616 0.0838229 0.0990209
1 0.54981 0.666734 0.0487427 0.0692873
1 0.492096 0.582054 0.042982 0.0579139
1 0.126805 0.635485 0.0868697 0.0941646
2 0.546103 0.530701 0.0427476 0.0596242
1 0.291669 0.680481 0.070095 0.073311
1 0.30858 0.544535 0.0582938 0.0649927
1 0.4608 0.48296 0.0297033 0.0354345
1 0.402346 0.487068 0.0401103 0.0448084
1 0.601578 0.527608 0.0331789 0.0491833
1 0.0754903 0.62643 0.0652928 0.0775728
1 0.499947 0.52414 0.0392021 0.0534142
1 0.485113 0.460512 0.0272873 0.032883
