2 0.489985 0.658613 0.0584779 0.0667401
1 0.347927 0.909401 0.0829065 0.114984
2 0.316439 0.795632 0.0697226 0.0866341
1 0.152271 0.699833 0.0339163 0.0478262
1 0.535396 0.765455 0.0643987 0.065865
1 0.188909 0.686071 0.0352621 0.0475223
1 0.575116 0.94708 0.0919156 0.10584
1 0.294876 0.727541 0.0456193 0.0544525
4 0.205064 0.812263 0.0786073 0.146661
1 0.380164 0.658185 0.0408908 0.046858
1 0.102731 0.698171 0.0344384 0.0523954
1 0.944154 0.955139 0.111692 0.0897224
1 0.214914 0.666437 0.0351427 0.0468361
