2 0.37281 0.907888 0.115734 0.165877
1 0.598373 0.594458 0.0384939 0.0567265
1 0.404096 0.601748 0.045578 0.0546309
1 0.573769 0.556094 0.0339899 0.0461172
2 0.299033 0.750131 0.0960124 0.116845
1 0.431011 0.708106 0.0748571 0.0946406
1 0.192593 0.754944 0.0996848 0.10783
1 0.272071 0.53916 0.0497922 0.0579293
1 0.658757 0.508602 0.0252207 0.0375075
1 0.316792 0.481956 0.0435878 0.0503226
1 0.61398 0.518735 0.0322248 0.0400321
2 0.462648 0.59342 0.0712442 0.0793471
2 0.473233 0.59206 0.0498247 0.0747031
