2 0.555234 0.648003 0.0647204 0.0867079
1 0.3151 0.729718 0.0815044 0.0964612
1 0.117432 0.809509 0.111401 0.126115
1 0.345409 0.531904 0.042142 0.0497715
1 0.22212 0.560605 0.0557141 0.0631015
1 0.412862 0.733047 0.0677192 0.0809614
1 0.403977 0.885969 0.0857469 0.111905
1 0.444712 0.624449 0.0506807 0.0672378
1 0.650685 0.520664 0.0265185 0.0420238
2 0.218486 0.93711 0.125448 0.12578
1 0.481181 0.472864 0.0308186 0.0395105
1 0.317639 0.49115 0.0448942 0.0541472
1 0.342427 0.524413 0.0356082 0.0391443
