1 0.535342 0.683665 0.0524338 0.0734046
1 0.462408 0.801213 0.0698082 0.0954355
1 0.467674 0.614743 0.0509439 0.0655883
1 0.625219 0.554402 0.033527 0.0493458
1 0.346931 0.527505 0.0461451 0.0589991
1 0.360823 0.713819 0.0674108 0.0824308
1 0.421879 0.587394 0.0481563 0.0594277
1 0.214834 0.593594 0.0581301 0.0645063
1 0.533955 0.502937 0.0290151 0.0417942
1 0.245873 0.547691 0.0517755 0.0563644
1 0.63136 0.500189 0.0266989 0.040957
1 0.136299 0.524303 0.0549653 0.0568952
1 0.652701 0.517069 0.0241514 0.0382982
