1 0.406578 0.502813 0.0369931 0.043206
1 0.400322 0.604717 0.04795 0.0560256
1 0.253184 0.572694 0.0541852 0.0602275
1 0.181981 0.541236 0.0532852 0.0628816
1 0.614182 0.514966 0.025159 0.0361627
1 0.583742 0.48235 0.0283363 0.0355831
2 0.633489 0.541336 0.0371805 0.0544707
1 0.501013 0.569398 0.0399624 0.0498146
1 0.528424 0.514809 0.0303083 0.0398376
2 0.214157 0.741446 0.100459 0.114348
1 0.331608 0.493451 0.039175 0.0427502
2 0.570925 0.620883 0.0545984 0.0914372
1 0.0359121 0.607651 0.0718242 0.0938789
