1 0.439599 0.485342 0.0340297 0.0413487
1 0.528665 0.552479 0.0418955 0.0563277
1 0.238335 0.80812 0.0922016 0.10911
8 0.382456 0.725685 0.21661 0.287321
1 0.572168 0.632177 0.0455357 0.0647064
1 0.310689 0.529077 0.0431659 0.0461607
1 0.320107 0.948889 0.111239 0.102222
1 0.189376 0.505252 0.0563964 0.0579088
1 0.233793 0.531371 0.0484233 0.0526411
1 0.401175 0.457438 0.030638 0.0386429
1 0.496552 0.464701 0.0288157 0.0366812
2 0.0894433 0.647948 0.0908353 0.0934229
1 0.568724 0.487239 0.0285534 0.0387971
